,,,,,,,,,,
1,,,1340,,,,,,,
,,,,,,,,,,
1,,,2680,,,,,,,
,,,,,,,,,,
1,,,4020,,,,,,,
1,,,5360,,,,,,,
1,,,6700,,,,,,,
1,,,8040,,,,,,,
1,,,,1,1,5,1,1,,
1,,,24120,,,,1,,0.038168000,9
1,,,,1,1,5,2,1,,
1,,,,1,1,5,3,1,,
1,,,24120,,,,1,,0.039926000,9
1,,,,1,1,5,4,1,,
1,,,24120,,,,1,,0.044221000,9
1,,,,1,1,5,5,1,,
1,,,25460,,,,,,,
1,,,,1,1,5,6,1,,
1,,,26800,,,,,,,
1,,,,1,1,5,7,1,,
1,,,28140,,,,,,,
1,,,,1,1,5,8,1,,
1,,,29480,,,,,,,
1,,,,1,1,5,9,1,,
1,,,30820,,,,,,,
1,,,,1,1,5,10,1,,
1,,,32160,,,,,,,
1,0.154357000,11,,,,,,,,
1,,,32160,,,,,,,
1,,,33500,,,,,,,
1,,,34840,,,,,,,
,,,,,,,,,,
1,,,33500,,,,,,,
1,0.198582000,9,,,,,,,,
1,,,14740,,,,,,,
1,0.156036000,20,,,,,,,,
1,,,13400,,,,,,,
1,,,14740,,,,,,,
1,,,16080,,,,,,,
1,0.205255000,22,,,,,,,,
1,,,16080,,,,,,,
1,0.164298000,26,,,,,,,,
1,,,14740,,,,,,,
1,,,16080,,,,,,,
1,0.158346000,30,,,,,,,,
1,,,14740,,,,,,,
1,,,16080,,,,,,,
1,,,17420,,,,,,,
,,,,,,,,,,
,,,,,,,,,,
1,0.162984000,36,,,,,,,,
1,,,13400,,,,,,,
1,,,14740,,,,,,,
1,,,16080,,,,,,,
1,,,17420,,,,,,,
1,0.210047000,40,,,,,,,,
1,,,14740,,,,,,,
1,,,16080,,,,,,,
1,,,17420,,,,,,,
,,,,,,,,,,
1,,,68,,,,,,,
,,,,,,,,,,
1,0.159799000,44,,,,,1,,,
1,,,16080,,,,,,,
1,,,17420,,,,,,,
1,0.153926000,47,,,,,,,,
1,,,16080,,,,,,,
1,,,17420,,,,,,,
1,0.157769000,49,,,,,,,,
1,,,16080,,,,,,,
1,,,17420,,,,,,,
1,,,18760,,,,,,,
1,0.165563000,54,,,,,,,,
1,,,17420,,,,,,,
1,,,18760,,,,,,,
,,,,,,,,,,
1,0.150306000,59,,,,,,,,
1,,,14740,,,,,,,
1,,,16080,,,,,,,
1,,,17420,,,,,,,
1,,,18760,,,,,,,
1,0.208851000,60,,,,,,,,
1,,,18760,,,,,,,
1,0.162647000,66,,,,,,,,
1,,,17420,,,,,,,
1,,,18760,,,,,,,
1,,,,1,1,85,1,1,,
1,,,20100,,,,,,,
1,,,21440,,,,,,,
1,,,,1,1,85,2,1,,
1,,,21440,,,,1,,,
1,,,22780,,,,,,,
1,,,,1,1,85,3,1,,
1,,,24120,,,,,,,
1,,,25460,,,,,,,
1,,,,1,1,85,4,1,,
1,,,26800,,,,,,,
1,,,,1,1,85,5,1,,
1,,,28140,,,,,,,
1,,,536,,,,1,,0.260726000,64
1,0.000015000,101,,,,,,,,
,,,,,,,,,,
1,0.163300000,98,,,,,,,,
1,,,2680,,,,,,,
1,,,4020,,,,,,,
1,,,5360,,,,,,,
1,,,6700,,,,,,,
1,,,8040,,,,,,,
1,,,9380,,,,,,,
1,,,10720,,,,,,,
1,,,12060,,,,,,,
,,,,,,,,,,
,,,,,,,,,,
,,,,,,,,,,
,,,,,,,,,,
,,,,,,,,,,
1,0.639668000,51,,,,,,,,
,,,,,,,,,,
,,,,,,,,,,
,,,,,,,,,,
,,,,,,,,,,
,,,,,,,,,,
,,,,,,,,,,
1,0.158871000,108,,,,,,,,
1,,,6700,,,,,,,
1,,,8040,,,,,,,
1,,,9380,,,,,,,
1,,,10720,,,,,,,
1,,,12060,,,,,,,
1,,,13400,,,,,,,
1,0.161509000,112,,,,,,,,
1,,,9380,,,,,,,
1,,,10720,,,,,,,
1,,,12060,,,,,,,
1,,,13400,,,,,,,
,,,,,,,,,,
,,,,,,,,,,
1,,,212,,,,1,,0.720748000,64
1,0.000015000,139,,,,,,,,
1,0.160973000,127,,,,,,,,
1,,,12060,,,,,,,
1,,,13400,,,,,,,
1,0.168321000,131,,,,,,,,
1,,,9380,,,,,,,
1,,,10720,,,,,,,
1,,,12060,,,,,,,
1,,,13400,,,,,,,
1,0.165861000,134,,,,,,,,
1,,,12060,,,,,,,
1,,,13400,,,,,,,
1,,,14740,,,,,,,
1,0.167159000,136,,,,,,,,
1,,,13400,,,,,,,
1,,,14740,,,,,,,
,,,,,,,,,,
,,,,,,,,,,
,,,,,,,,,,
,,,,,,,,,,
1,0.159063000,143,,,,,,,,
1,,,13400,,,,,,,
1,,,14740,,,,,,,
1,0.155293000,146,,,,,,,,
1,,,13400,,,,,,,
1,,,14740,,,,,,,
1,0.159547000,148,,,,,,,,
1,,,13400,,,,,,,
1,,,14740,,,,,,,
1,0.159964000,151,,,,,,,,
1,,,13400,,,,,,,
1,,,14740,,,,,,,
1,0.162389000,154,,,,,,,,
1,,,13400,,,,,,,
1,,,14740,,,,,,,
,,,,,,,,,,
1,0.149354000,162,,,,,,,,
1,,,12060,,,,,,,
1,,,13400,,,,,,,
1,,,14740,,,,,,,
1,0.149995000,165,,,,,,,,
1,,,13400,,,,,,,
1,,,14740,,,,,,,
1,0.150709000,168,,,,,,,,
1,,,13400,,,,,,,
1,,,14740,,,,,,,
1,0.151318000,171,,,,,,,,
1,,,13400,,,,,,,
1,,,14740,,,,,,,
1,0.151197000,174,,,,,,,,
1,,,13400,,,,,,,
1,,,14740,,,,,,,
,,,,,,,,,,
,,,,,,,,,,
,,,,,,,,,,
,,,,,,,,,,
,,,,,,,,,,
,,,,,,,,,,
1,0.157491000,181,,,,,,,,
1,,,10720,,,,,,,
1,,,12060,,,,,,,
1,,,13400,,,,,,,
1,,,14740,,,,,,,
1,0.157186000,184,,,,,,,,
1,,,13400,,,,,,,
1,,,14740,,,,,,,
1,0.159163000,190,,,,,,,,
1,,,10720,,,,,,,
1,,,12060,,,,,,,
1,,,13400,,,,,,,
1,,,14740,,,,,,,
1,0.148318000,195,,,,,,,,
1,0.000025000,211,,,,,,0.148343000,,
1,,,517,,,,,0.148343000,,
1,0.212723000,191,,,,,,,,
1,,,14740,,,,,,,
,,,,,,,,,,
,,,,,,,,,,
,,,,,,,,,,
1,0.171184000,200,,,,,,,,
1,,,13400,,,,,,,
1,,,14740,,,,,,,
1,0.172914000,202,,,,,,,,
1,,,13400,,,,,,,
1,,,14740,,,,,,,
1,0.168285000,205,,,,,,,,
1,,,13400,,,,,,,
1,,,14740,,,,,,,
1,0.149760000,213,,,,,,0.148343000,,
1,,,,1,1,228,1,1,0.148343000,
1,,,174,,,,,0.148343000,,
1,0.000004000,230,,,,,,0.148343000,,
1,,,107,,,,,0.148343000,,
1,0.164312000,210,,,,,,,,
1,,,10720,,,,,,,
1,,,12060,,,,,,,
1,,,13400,,,,,,,
1,,,14740,,,,,,,
1,,,560,,,,,0.148343000,,
,,,,,,,,,,
,,,,,,,,,,
,,,,,,,,,,
1,,,1317,,,,,,,
1,0.156136000,221,,,,,,,,
1,,,12060,,,,,,,
1,,,13400,,,,,,,
1,,,14740,,,,,,,
1,0.151024000,238,,,,,,0.148343000,,
1,,,213,,,,,0.148343000,,
1,0.166783000,227,,,,,,,,
1,,,10720,,,,,,,
1,,,12060,,,,,,,
1,,,13400,,,,,,,
1,,,14740,,,,,,,
1,0.165278000,235,,,,,,,,
1,,,13400,,,,,,,
1,,,14740,,,,,,,
1,0.171976000,237,,,,,,,,
1,,,13400,,,,,,,
1,,,14740,,,,,,,
1,0.036715000,248,,,,,,0.148343000,,
1,,,,,,,1,,,
1,0.154250000,242,213,,,,,,,
1,0.000022000,262,,,,,,,,
1,0.159943000,245,,,,,,,,
1,,,13400,,,,,,,
1,,,14740,,,,,,,
1,0.153458000,250,,,,,,,,
1,,,13400,,,,,,,
1,,,14740,,,,,,,
1,0.155304000,252,,,,,,,,
1,,,13400,,,,,,,
1,,,14740,,,,,,,
1,0.159577000,255,,,,,,,,
1,,,13400,,,,,,,
1,,,14740,,,,,,,
1,0.157264000,258,,,,,,,,
1,,,13400,,,,,,,
1,,,14740,,,,,,,
1,0.156435000,266,,,,,,,,
1,,,12060,,,,,,,
1,,,13400,,,,,,,
1,,,14740,,,,,,,
1,0.156740000,269,,,,,,,,
1,,,13400,,,,,,,
1,,,14740,,,,,,,
1,0.162867000,272,,,,,,,,
1,,,13400,,,,,,,
1,,,14740,,,,,,,
1,0.163511000,275,,,,,,,,
1,,,13400,,,,,,,
1,,,14740,,,,,,,
1,0.189106000,278,,,,,,,,
1,,,13400,,,,,,,
1,,,14740,,,,,,,
1,0.184947000,281,,,,,,,,
1,,,13400,,,,,,,
1,,,14740,,,,,,,
1,0.180015000,287,,,,,,,,
1,,,10720,,,,,,,
1,,,12060,,,,,,,
1,,,13400,,,,,,,
1,,,14740,,,,,,,
1,0.182639000,290,,,,,,,,
1,,,13400,,,,,,,
1,,,14740,,,,,,,
1,0.160676000,293,,,,,,,,
1,,,13400,,,,,,,
1,,,14740,,,,,,,
1,0.215281000,294,,,,,,,,
1,,,14740,,,,,,,
1,,,16080,,,,,,,
1,0.169686000,302,,,,,,,,
1,,,9380,,,,,,,
1,,,10720,,,,,,,
1,,,12060,,,,,,,
1,,,13400,,,,,,,
1,,,14740,,,,,,,
1,,,16080,,,,,,,
1,0.161933000,308,,,,,,,,
1,,,12060,,,,,,,
1,,,13400,,,,,,,
1,,,14740,,,,,,,
1,,,16080,,,,,,,
1,0.160489000,311,,,,,,,,
1,,,14740,,,,,,,
1,,,16080,,,,,,,
,,,,,,,,,,
1,,,,,,,1,,,
1,0.160302000,314,,,,,,,,
1,,,14740,,,,,,,
1,,,16080,,,,,,,
1,0.161370000,316,,,,,,,,
1,,,14740,,,,,,,
1,,,16080,,,,,,,
1,0.162964000,318,,,,,,,,
1,,,14740,,,,,,,
1,,,16080,,,,,,,
,,,,,,,,,,
1,0.193839000,323,,,,,,,,
1,,,12060,,,,,,,
1,,,13400,,,,,,,
1,,,14740,,,,,,,
1,,,16080,,,,,,,
1,0.164697000,326,,,,,,,,
1,,,14740,,,,,,,
1,,,16080,,,,,,,
,,,,,,,,,,
1,,,,1,1,344,1,1,,
1,,,17420,,,,,,,
1,,,,1,1,344,2,1,,
1,,,17420,,,,1,,,
1,,,18760,,,,,,,
1,,,,,,,1,,,
1,,,,,,,1,,,
,,,,,,,,,,
1,,,,1,1,344,3,1,,
1,,,20100,,,,,,,
1,,,21440,,,,,,,
1,,,22780,,,,,,,
1,,,24120,,,,,,,
1,,,25460,,,,,,,
1,,,26800,,,,,,,
1,0.163479000,349,,,,,,,,
1,,,10720,,,,,,,
,,,,,,,,,,
,,,,,,,,,,
,,,,,,,,,,
1,,,,,,,1,,,
1,0.169856000,358,,,,,,,,
1,,,8040,,,,,,,
1,,,9380,,,,,,,
1,,,10720,,,,,,,
1,,,12060,,,,,,,
1,0.160389000,371,,,,,,,,
1,,,4020,,,,,,,
1,,,5360,,,,,,,
1,,,6700,,,,,,,
1,,,8040,,,,,,,
1,,,9380,,,,,,,
1,,,10720,,,,,,,
1,,,12060,,,,,,,
1,0.162378000,373,,,,,,,,
1,,,10720,,,,,,,
1,,,12060,,,,,,,
1,0.161077000,376,,,,,,,,
1,,,10720,,,,,,,
1,,,12060,,,,,,,
1,,,13400,,,,,,,
1,0.163829000,378,,,,,,,,
1,,,12060,,,,,,,
1,,,13400,,,,,,,
1,0.165594000,380,,,,,,,,
1,,,12060,,,,,,,
1,,,13400,,,,,,,
1,0.209558000,384,,,,,,,,
1,,,10720,,,,,,,
1,,,12060,,,,,,,
1,,,13400,,,,,,,
1,0.170841000,390,,,,,,,,
1,,,9380,,,,,,,
1,,,10720,,,,,,,
1,,,12060,,,,,,,
1,,,13400,,,,,,,
1,,,14740,,,,,,,
1,0.202257000,393,,,,,,,,
1,,,13400,,,,,,,
1,,,14740,,,,,,,
1,,,31,,,,1,,,
1,0.000008000,408,,,,,1,,,
1,,,31,,,,1,,,
1,0.000004000,410,,,,,1,,,
,,,,,,,,,,
,,,,,,,,,,
1,0.161535000,396,,,,,,,,
1,,,13400,,,,,,,
1,,,14740,,,,,,,
1,0.166539000,398,,,,,,,,
1,,,13400,,,,,,,
1,,,14740,,,,,,,
1,0.161449000,401,,,,,,,,
1,,,13400,,,,,,,
1,,,14740,,,,,,,
1,,,16080,,,,,,,
1,0.138716000,412,,,,,1,,,
1,0.000028000,424,,,,,,,,
1,0.147614000,413,,,,,1,,,
1,0.000011000,426,,,,,,,,
1,0.160607000,415,,,,,,,,
1,,,9380,,,,,,,
1,,,10720,,,,,,,
1,,,12060,,,,,,,
1,,,13400,,,,,,,
1,,,14740,,,,,,,
1,,,16080,,,,,,,
1,0.158516000,418,,,,,,,,
1,,,14740,,,,,,,
1,,,16080,,,,,,,
1,0.211065000,419,,,,,,,,
1,,,16080,,,,,,,
1,0.160952000,429,,,,,,,,
1,,,12060,,,,,,,
1,,,13400,,,,,,,
1,,,14740,,,,,,,
1,,,16080,,,,,,,
1,0.166301000,433,,,,,,,,
1,,,12060,,,,,,,
1,,,13400,,,,,,,
1,,,14740,,,,,,,
1,,,16080,,,,,,,
1,0.165358000,436,,,,,,,,
1,,,14740,,,,,,,
1,,,16080,,,,,,,
1,0.162364000,442,,,,,,,,
1,,,12060,,,,,,,
1,,,13400,,,,,,,
1,,,14740,,,,,,,
1,,,16080,,,,,,,
1,0.162558000,449,,,,,,,,
1,,,9380,,,,,,,
1,,,10720,,,,,,,
1,,,12060,,,,,,,
1,,,13400,,,,,,,
1,,,14740,,,,,,,
1,,,16080,,,,,,,
1,0.174330000,457,,,,,,,,
1,,,9380,,,,,,,
1,,,10720,,,,,,,
1,,,12060,,,,,,,
1,,,13400,,,,,,,
1,,,14740,,,,,,,
1,,,16080,,,,,,,
1,0.171041000,462,,,,,,,,
1,,,12060,,,,,,,
1,,,13400,,,,,,,
1,,,14740,,,,,,,
1,,,16080,,,,,,,
,,,,,,,,,,
1,,,,1,1,472,1,1,,
1,,,16080,,,,1,,0.159964000,476
1,,,17420,,,,,,,
1,,,,1,1,472,2,1,,
1,,,,1,1,472,3,1,,
1,,,17420,,,,1,,0.005137000,480
1,,,18760,,,,,,,
1,,,,1,1,472,4,1,,
1,,,20100,,,,,,,
1,,,,1,1,472,5,1,,
1,,,21440,,,,,,,
1,,,,1,1,472,6,1,,
1,,,22780,,,,,,,
1,,,24120,,,,,,,
,,,,,,,,,,
,,,,,,,,,,
,,,,,,,,,,
,,,,,,,,,,
,,,,,,,,,,
,,,,,,,,,,
,,,,,,,,,,
,,,,,,,,,,
,,,,,,,,,,
1,0.500040000,463,,,,,,,,
1,,,24120,,,,,,,
1,,,25460,,,,,,,
1,0.170286000,480,,,,,,,,
1,,,10720,,,,,,,
1,0.171375000,486,,,,,,,,
1,,,9380,,,,,,,
1,,,10720,,,,,,,
1,,,12060,,,,,,,
1,0.171214000,490,,,,,,,,
1,,,10720,,,,,,,
1,,,12060,,,,,,,
,,,,,,,,,,
,,,,,,,,,,
1,0.220113000,491,,,,,,,,
1,,,12060,,,,,,,
,,,,,,,,,,
,,,,,,,,,,
1,0.156329000,503,,,,,,,,
1,,,10720,,,,,,,
1,,,12060,,,,,,,
1,,,13400,,,,,,,
1,0.156202000,507,,,,,,,,
1,,,12060,,,,,,,
1,,,13400,,,,,,,
1,0.160341000,509,,,,,,,,
1,,,12060,,,,,,,
1,,,13400,,,,,,,
1,0.160090000,512,,,,,,,,
1,,,12060,,,,,,,
1,,,13400,,,,,,,
,,,,,,,,,,
,,,,,,,,,,
1,0.204543000,516,,,,,,,,
1,,,13400,,,,,,,
1,,,14740,,,,,,,
1,0.156012000,521,,,,,,,,
1,,,13400,,,,,,,
1,,,14740,,,,,,,
1,0.156592000,524,,,,,,,,
1,,,13400,,,,,,,
1,,,14740,,,,,,,
1,0.156962000,527,,,,,,,,
1,,,13400,,,,,,,
1,,,14740,,,,,,,
1,0.156793000,530,,,,,,,,
1,,,13400,,,,,,,
1,,,14740,,,,,,,
,,,,,,,,,,
,,,,,,,,,,
1,0.208120000,531,,,,,,,,
1,,,14740,,,,,,,
,,,,,,,,,,
,,,,,,,,,,
1,0.166254000,539,,,,,,,,
1,,,10720,,,,,,,
1,,,12060,,,,,,,
1,,,13400,,,,,,,
1,,,14740,,,,,,,
1,,,16080,,,,,,,
1,0.158962000,545,,,,,,,,
1,,,12060,,,,,,,
1,,,13400,,,,,,,
1,,,14740,,,,,,,
1,,,16080,,,,,,,
1,0.160768000,548,,,,,,,,
1,,,14740,,,,,,,
1,,,16080,,,,,,,
,,,,,,,,,,
,,,,,,,,,,
,,,,,,,,,,
,,,,,,,,,,
1,0.207017000,552,,,,,,,,
1,,,16080,,,,,,,
1,0.158992000,557,,,,,,,,
1,,,14740,,,,,,,
1,,,16080,,,,,,,
1,0.172806000,564,,,,,,,,
1,,,9380,,,,,,,
1,,,10720,,,,,,,
1,,,12060,,,,,,,
1,,,13400,,,,,,,
1,,,14740,,,,,,,
1,,,16080,,,,,,,
1,0.170337000,567,,,,,,,,
1,,,14740,,,,,,,
1,,,16080,,,,,,,
,,,,,,,,,,
,,,,,,,,,,
,,,,,,,,,,
,,,,,,,,,,
,,,,,,,,,,
,,,,,,,,,,
1,0.207508000,574,,,,,,,,
1,,,14740,,,,,,,
1,,,16080,,,,,,,
,,,,,,,,,,
,,,,,,,,,,
1,0.161631000,580,,,,,,,,
1,,,12060,,,,,,,
1,,,13400,,,,,,,
1,,,14740,,,,,,,
1,,,16080,,,,,,,
1,0.163344000,582,,,,,,,,
1,,,14740,,,,,,,
1,,,16080,,,,,,,
1,0.163356000,584,,,,,,,,
1,,,14740,,,,,,,
1,,,16080,,,,,,,
1,0.172183000,587,,,,,,,,
1,,,14740,,,,,,,
1,,,16080,,,,,,,
,,,,,,,,,,
,,,,,,,,,,
,,,,,,,,,,
,,,,,,,,,,
,,,,,,,,,,
,,,,,,,,,,
1,0.170264000,606,,,,,,,,
1,,,6700,,,,,,,
1,,,8040,,,,,,,
1,,,9380,,,,,,,
1,,,10720,,,,,,,
1,,,12060,,,,,,,
1,,,13400,,,,,,,
1,,,14740,,,,,,,
1,,,16080,,,,,,,
1,0.177494000,609,,,,,,,,
1,,,14740,,,,,,,
1,,,16080,,,,,,,
1,0.172115000,612,,,,,,,,
1,,,14740,,,,,,,
1,,,16080,,,,,,,
,,,,,,,,,,
,,,,,,,,,,
,,,,,,,,,,
1,0.154507000,621,,,,,,,,
1,,,14740,,,,,,,
1,,,16080,,,,,,,
1,0.161941000,623,,,,,,,,
1,,,14740,,,,,,,
1,,,16080,,,,,,,
1,0.166149000,625,,,,,,,,
1,,,14740,,,,,,,
1,,,16080,,,,,,,
1,0.163619000,630,,,,,,,,
1,,,12060,,,,,,,
1,,,13400,,,,,,,
1,,,14740,,,,,,,
1,,,16080,,,,,,,
1,0.174482000,633,,,,,,,,
1,,,14740,,,,,,,
1,,,16080,,,,,,,
1,0.153248000,639,,,,,,,,
1,,,14740,,,,,,,
1,,,16080,,,,,,,
1,0.193670000,642,,,,,,,,
1,,,14740,,,,,,,
1,,,16080,,,,,,,
1,0.212136000,645,,,,,,,,
1,,,14740,,,,,,,
1,,,16080,,,,,,,
1,0.211242000,648,,,,,,,,
1,,,14740,,,,,,,
1,,,16080,,,,,,,
1,0.213095000,650,,,,,,,,
1,,,14740,,,,,,,
1,,,16080,,,,,,,
1,0.199777000,653,,,,,,,,
1,,,14740,,,,,,,
1,,,16080,,,,,,,
1,0.168823000,656,,,,,,,,
1,,,14740,,,,,,,
1,,,16080,,,,,,,
1,0.153544000,659,,,,,,,,
1,,,14740,,,,,,,
1,,,16080,,,,,,,
1,0.146903000,662,,,,,,,,
1,,,14740,,,,,,,
1,,,16080,,,,,,,
1,0.152308000,665,,,,,,,,
1,,,14740,,,,,,,
1,,,16080,,,,,,,
1,0.157816000,668,,,,,,,,
1,,,14740,,,,,,,
1,,,16080,,,,,,,
1,0.164523000,671,,,,,,,,
1,,,14740,,,,,,,
1,,,16080,,,,,,,
1,0.159328000,674,,,,,,,,
1,,,14740,,,,,,,
1,,,16080,,,,,,,
1,0.165351000,680,,,,,,,,
1,,,12060,,,,,,,
1,,,13400,,,,,,,
1,,,14740,,,,,,,
1,,,16080,,,,,,,
1,0.161890000,683,,,,,,,,
1,,,14740,,,,,,,
1,,,16080,,,,,,,
1,0.161135000,686,,,,,,,,
1,,,14740,,,,,,,
1,,,16080,,,,,,,
1,0.160353000,689,,,,,,,,
1,,,14740,,,,,,,
1,,,16080,,,,,,,
1,0.163008000,692,,,,,,,,
1,,,14740,,,,,,,
1,,,16080,,,,,,,
1,0.166275000,697,,,,,,,,
1,,,12060,,,,,,,
1,,,13400,,,,,,,
1,,,14740,,,,,,,
1,,,16080,,,,,,,
1,0.163924000,700,,,,,,,,
1,,,14740,,,,,,,
1,,,16080,,,,,,,
1,0.159519000,703,,,,,,,,
1,,,14740,,,,,,,
1,,,16080,,,,,,,
1,0.157376000,706,,,,,,,,
1,,,14740,,,,,,,
1,,,16080,,,,,,,
1,0.160506000,709,,,,,,,,
1,,,14740,,,,,,,
1,,,16080,,,,,,,
1,0.161469000,712,,,,,,,,
1,,,14740,,,,,,,
1,,,16080,,,,,,,
1,0.163955000,714,,,,,,,,
1,,,14740,,,,,,,
1,,,16080,,,,,,,
1,0.168924000,717,,,,,,,,
1,,,14740,,,,,,,
1,,,16080,,,,,,,
1,0.168879000,720,,,,,,,,
1,,,14740,,,,,,,
1,,,16080,,,,,,,
1,0.167605000,723,,,,,,,,
1,,,14740,,,,,,,
1,,,16080,,,,,,,
1,0.158892000,726,,,,,,,,
1,,,14740,,,,,,,
1,,,16080,,,,,,,
1,0.167490000,729,,,,,,,,
1,,,14740,,,,,,,
1,,,16080,,,,,,,
1,0.168152000,732,,,,,,,,
1,,,14740,,,,,,,
1,,,16080,,,,,,,
1,0.159870000,735,,,,,,,,
1,,,14740,,,,,,,
1,,,16080,,,,,,,
1,0.167264000,738,,,,,,,,
1,,,14740,,,,,,,
1,,,16080,,,,,,,
1,0.163735000,741,,,,,,,,
1,,,14740,,,,,,,
1,,,16080,,,,,,,
1,0.156726000,744,,,,,,,,
1,,,14740,,,,,,,
1,,,16080,,,,,,,
1,0.155420000,747,,,,,,,,
1,,,14740,,,,,,,
1,,,16080,,,,,,,
1,0.162079000,750,,,,,,,,
1,,,14740,,,,,,,
1,,,16080,,,,,,,
1,0.164851000,753,,,,,,,,
1,,,14740,,,,,,,
1,,,16080,,,,,,,
1,0.157465000,762,,,,,,,,
1,,,9380,,,,,,,
1,,,10720,,,,,,,
1,,,12060,,,,,,,
1,,,13400,,,,,,,
1,,,14740,,,,,,,
1,,,16080,,,,,,,
1,0.164129000,768,,,,,,,,
1,,,12060,,,,,,,
1,,,13400,,,,,,,
1,,,14740,,,,,,,
1,,,16080,,,,,,,
1,0.241843000,770,,,,,,,,
1,,,16080,,,,,,,
1,,,17420,,,,,,,
1,,,,1,1,784,1,1,,
1,,,17420,,,,1,,0.003683000,786
1,,,18760,,,,,,,
1,,,,1,1,784,2,1,,
1,,,,1,1,784,3,1,,
1,,,20100,,,,,,,
1,,,,1,1,784,4,1,,
1,,,21440,,,,,,,
1,,,,1,1,784,5,1,,
1,,,22780,,,,,,,
1,,,,1,1,784,6,1,,
1,,,24120,,,,,,,
1,,,,1,1,784,7,1,,
1,,,25460,,,,,,,
1,,,,1,1,784,8,1,,
1,,,26800,,,,,,,
1,0.153712000,786,,,,,,,,
1,,,10720,,,,,,,
1,0.200795000,789,,,,,,,,
1,,,10720,,,,,,,
1,,,12060,,,,,,,
1,0.164650000,798,,,,,,,,
1,,,8040,,,,,,,
1,,,9380,,,,,,,
1,,,10720,,,,,,,
1,,,12060,,,,,,,
1,0.159722000,802,,,,,,,,
1,,,10720,,,,,,,
1,,,12060,,,,,,,
1,0.160818000,806,,,,,,,,
1,,,10720,,,,,,,
1,,,12060,,,,,,,
1,,,13400,,,,,,,
1,0.158331000,809,,,,,,,,
1,,,12060,,,,,,,
1,,,13400,,,,,,,
1,0.160366000,811,,,,,,,,
1,,,12060,,,,,,,
1,,,13400,,,,,,,
1,0.209810000,812,,,,,,,,
1,,,13400,,,,,,,
1,0.156554000,815,,,,,,,,
1,,,12060,,,,,,,
1,,,13400,,,,,,,
1,,,14740,,,,,,,
1,0.161122000,818,,,,,,,,
1,,,13400,,,,,,,
1,,,14740,,,,,,,
1,0.164975000,824,,,,,,,,
1,,,10720,,,,,,,
1,,,12060,,,,,,,
1,,,13400,,,,,,,
1,,,14740,,,,,,,
1,0.156369000,827,,,,,,,,
1,,,13400,,,,,,,
1,,,14740,,,,,,,
1,0.160737000,830,,,,,,,,
1,,,13400,,,,,,,
1,,,14740,,,,,,,
1,0.207776000,831,,,,,,,,
1,,,14740,,,,,,,
1,0.152549000,834,,,,,,,,
1,,,13400,,,,,,,
1,,,14740,,,,,,,
1,0.163131000,837,,,,,,,,
1,,,13400,,,,,,,
1,,,14740,,,,,,,
1,,,16080,,,,,,,
1,0.167114000,839,,,,,,,,
1,,,14740,,,,,,,
1,,,16080,,,,,,,
1,0.160313000,845,,,,,,,,
1,,,12060,,,,,,,
1,,,13400,,,,,,,
1,,,14740,,,,,,,
1,,,16080,,,,,,,
1,0.155502000,849,,,,,,,,
1,,,14740,,,,,,,
1,,,16080,,,,,,,
1,0.162113000,853,,,,,,,,
1,,,13400,,,,,,,
1,,,14740,,,,,,,
1,,,16080,,,,,,,
1,0.161449000,856,,,,,,,,
1,,,14740,,,,,,,
1,,,16080,,,,,,,
1,0.158623000,859,,,,,,,,
1,,,14740,,,,,,,
1,,,16080,,,,,,,
1,0.160594000,861,,,,,,,,
1,,,14740,,,,,,,
1,,,16080,,,,,,,
1,0.158331000,864,,,,,,,,
1,,,14740,,,,,,,
1,,,16080,,,,,,,
1,0.168565000,874,,,,,,,,
1,,,8040,,,,,,,
1,,,9380,,,,,,,
1,,,10720,,,,,,,
1,,,12060,,,,,,,
1,,,13400,,,,,,,
1,,,14740,,,,,,,
1,,,16080,,,,,,,
1,0.170641000,877,,,,,,,,
1,,,14740,,,,,,,
1,,,16080,,,,,,,
1,0.209882000,881,,,,,,,,
1,,,13400,,,,,,,
1,,,14740,,,,,,,
1,,,16080,,,,,,,
1,0.167465000,884,,,,,,,,
1,,,14740,,,,,,,
1,,,16080,,,,,,,
1,0.173397000,886,,,,,,,,
1,,,14740,,,,,,,
1,,,16080,,,,,,,
1,0.169667000,891,,,,,,,,
1,,,12060,,,,,,,
1,,,13400,,,,,,,
1,,,14740,,,,,,,
1,,,16080,,,,,,,
1,0.166180000,895,,,,,,,,
1,,,13400,,,,,,,
1,,,14740,,,,,,,
1,,,16080,,,,,,,
1,0.218970000,896,,,,,,,,
1,,,16080,,,,,,,
1,0.159048000,899,,,,,,,,
1,,,14740,,,,,,,
1,,,16080,,,,,,,
1,0.158790000,902,,,,,,,,
1,,,14740,,,,,,,
1,,,16080,,,,,,,
1,0.163907000,905,,,,,,,,
1,,,14740,,,,,,,
1,,,16080,,,,,,,
1,0.163935000,907,,,,,,,,
1,,,14740,,,,,,,
1,,,16080,,,,,,,
1,0.167243000,910,,,,,,,,
1,,,14740,,,,,,,
1,,,16080,,,,,,,
1,0.165689000,924,,,,,,,,
1,,,5360,,,,,,,
1,,,6700,,,,,,,
1,,,8040,,,,,,,
1,,,9380,,,,,,,
1,,,10720,,,,,,,
1,,,12060,,,,,,,
1,,,13400,,,,,,,
1,,,14740,,,,,,,
1,,,16080,,,,,,,
1,0.212385000,925,,,,,,,,
1,,,16080,,,,,,,
1,0.159397000,928,,,,,,,,
1,,,14740,,,,,,,
1,,,16080,,,,,,,
1,0.158341000,931,,,,,,,,
1,,,14740,,,,,,,
1,,,16080,,,,,,,
1,0.165645000,933,,,,,,,,
1,,,14740,,,,,,,
1,,,16080,,,,,,,
1,0.176373000,935,,,,,,,,
1,,,14740,,,,,,,
1,,,16080,,,,,,,
1,0.177965000,937,,,,,,,,
1,,,14740,,,,,,,
1,,,16080,,,,,,,
1,0.163284000,940,,,,,,,,
1,,,14740,,,,,,,
1,,,16080,,,,,,,
1,0.155960000,943,,,,,,,,
1,,,14740,,,,,,,
1,,,16080,,,,,,,
1,0.160622000,949,,,,,,,,
1,,,12060,,,,,,,
1,,,13400,,,,,,,
1,,,14740,,,,,,,
1,,,16080,,,,,,,
1,0.165172000,952,,,,,,,,
1,,,14740,,,,,,,
1,,,16080,,,,,,,
1,0.167478000,955,,,,,,,,
1,,,14740,,,,,,,
1,,,16080,,,,,,,
1,0.160612000,957,536,,,,,,,
1,0.000030000,973,16080,,,,,,,
1,0.169176000,960,,,,,1,,,
1,,,14740,,,,,,,
1,,,16080,,,,,,,
,,,,,,,,,,
,,,,,,,,,,
,,,,,,,,,,
1,0.227833000,961,,,,,,,,
1,,,16080,,,,,,,
1,0.163665000,966,,,,,,,,
1,,,12060,,,,,,,
1,,,13400,,,,,,,
1,,,14740,,,,,,,
1,,,16080,,,,,,,
,,,,,,,,,,
1,0.224282000,969,,,,,,,,
1,,,13400,,,,1,,0.075866000,987
1,,,13400,,,,1,,0.075877000,987
1,,,14740,,,,,,,
1,,,,1,1,989,1,1,,
1,,,16080,,,,,,,
1,,,,1,1,989,2,1,,
1,,,17420,,,,,,,
1,,,18760,,,,,,,
1,,,20100,,,,,,,
1,,,,1,1,989,3,1,,
1,,,21440,,,,,,,
,,,,,,,,,,
1,0.392964000,971,,,,,,,,
1,,,21440,,,,,,,
1,0.258042000,987,,,,,,,,
1,,,10720,,,,,,,
1,0.151494000,994,,,,,,,,
1,,,9380,,,,,,,
1,,,10720,,,,,,,
1,,,12060,,,,,,,
,,,,,,,,,,
1,0.161782000,997,,,,,,,,
1,,,10720,,,,,,,
1,,,12060,,,,,,,
1,0.167791000,1000,127,,,,1,,0.425932000,975
1,0.000014000,1014,10720,,,,,,,
1,,,12060,,,,,,,
1,0.154606000,1005,,,,,,,,
1,,,10720,,,,,,,
1,,,12060,,,,,,,
,,,,,,,,,,
1,0.158896000,1008,,,,,,,,
1,,,10720,,,,,,,
1,,,12060,,,,,,,
1,,,13400,,,,,,,
1,0.160832000,1012,,,,,,,,
1,,,12060,,,,,,,
1,,,13400,,,,,,,
,,,,,,,,,,
,,,,,,,,,,
,,,,,,,,,,
1,0.209552000,1016,,,,,,,,
1,,,10720,,,,,,,
1,,,12060,,,,,,,
1,,,13400,,,,,,,
1,0.159714000,1019,,,,,,,,
1,,,12060,,,,,,,
1,,,13400,,,,,,,
,,,,,,,,,,
1,0.208239000,1027,,,,,,,,
1,,,8040,,,,,,,
1,,,9380,,,,,,,
1,,,10720,,,,,,,
1,,,12060,,,,,,,
1,,,13400,,,,,,,
1,,,14740,,,,,,,
,,,,,,,,,,
1,0.164522000,1036,,,,,,,,
1,,,10720,,,,,,,
1,,,12060,,,,,,,
1,,,13400,,,,,,,
1,,,14740,,,,,,,
1,0.218405000,1037,,,,,,,,
1,,,14740,,,,,,,
,,,,,,,,,,
,,,,,,,,,,
,,,,,,,,,,
1,0.168334000,1051,,,,,,,,
1,,,2680,,,,,,,
1,,,4020,,,,,,,
1,,,5360,,,,,,,
1,,,6700,,,,,,,
1,,,8040,,,,,,,
1,,,9380,,,,,,,
1,,,10720,,,,,,,
1,,,12060,,,,,,,
1,,,13400,,,,,,,
1,,,14740,,,,,,,
,,,,,,,,,,
1,0.206112000,1053,,,,,,,,
1,,,14740,,,,,,,
1,,,16080,,,,,,,
,,,,,,,,,,
1,0.152030000,1059,,,,,,,,
1,,,14740,,,,,,,
1,,,16080,,,,,,,
1,0.160913000,1061,,,,,,,,
1,,,14740,,,,,,,
1,,,16080,,,,,,,
1,0.162964000,1063,,,,,,,,
1,,,14740,,,,,,,
1,,,16080,,,,,,,
,,,,,,,,,,
1,0.168061000,1065,,,,,,,,
1,,,14740,,,,,,,
1,,,16080,,,,,,,
1,0.172659000,1067,,,,,,,,
1,,,14740,,,,,,,
1,,,16080,,,,,,,
,,,,,,,,,,
1,0.159583000,1071,,,,,,,,
1,,,14740,,,,,,,
1,,,16080,,,,,,,
1,0.167771000,1081,,,,,,,,
1,,,9380,,,,,,,
1,,,10720,,,,,,,
1,,,12060,,,,,,,
1,,,13400,,,,,,,
1,,,14740,,,,,,,
1,,,16080,,,,,,,
1,0.166411000,1085,,,,,,,,
1,,,14740,,,,,,,
1,,,16080,,,,,,,
1,0.171623000,1088,,,,,,,,
1,,,14740,,,,,,,
1,,,16080,,,,,,,
,,,,,,,,,,
1,0.165301000,1092,,,,,,,,
1,,,14740,,,,,,,
1,,,16080,,,,,,,
,,,,,,,,,,
1,0.168358000,1095,,,,,,,,
1,,,14740,,,,,,,
1,,,16080,,,,,,,
1,0.177897000,1097,,,,,,,,
1,,,14740,,,,,,,
1,,,16080,,,,,,,
1,0.188328000,1099,,,,,,,,
1,,,14740,,,,,,,
1,,,16080,,,,,,,
1,0.186005000,1102,,,,,,,,
1,,,14740,,,,,,,
1,,,16080,,,,,,,
1,0.184545000,1105,,,,,,,,
1,,,14740,,,,,,,
1,,,16080,,,,,,,
,,,,,,,,,,
1,0.165127000,1109,,,,,,,,
1,,,14740,,,,,,,
1,,,16080,,,,,,,
1,0.172576000,1113,,,,,,,,
1,,,14740,,,,,,,
1,,,16080,,,,,,,
1,0.175070000,1115,,,,,,,,
1,,,16080,,,,,,,
1,,,17420,,,,,,,
1,,,,1,1,1133,1,1,,
1,,,18760,,,,,,,
1,,,,1,1,1133,2,1,,
1,,,18760,,,,1,,,
1,,,,1,1,1133,3,1,,
1,,,20100,,,,,,,
1,,,21440,,,,,,,
,,,,,,,,,,
,,,,,,,,,,
,,,,,,,,,,
1,,,,1,1,1133,4,1,,
1,,,22780,,,,,,,
1,0.163043000,1137,,,,,,,,
1,,,5360,,,,,,,
1,,,6700,,,,,,,
1,,,8040,,,,,,,
1,,,9380,,,,,,,
1,,,10720,,,,,,,
,,,,,,,,,,
1,0.160724000,1149,,,,,,,,
1,,,6700,,,,,,,
1,,,8040,,,,,,,
1,,,9380,,,,,,,
1,,,10720,,,,,,,
1,,,12060,,,,,,,
1,0.175466000,1153,,,,,,,,
1,,,8040,,,,,,,
1,,,9380,,,,,,,
1,,,10720,,,,,,,
1,,,12060,,,,,,,
1,0.164980000,1157,,,,,,,,
1,,,10720,,,,,,,
1,,,12060,,,,,,,
1,,,13400,,,,,,,
1,0.174569000,1162,,,,,,,,
1,,,9380,,,,,,,
1,,,10720,,,,,,,
1,,,12060,,,,,,,
1,,,13400,,,,,,,
1,0.179805000,1164,,,,,,,,
1,,,12060,,,,,,,
1,,,13400,,,,,,,
1,0.232060000,1165,,,,,,,,
1,,,13400,,,,,,,
1,0.165924000,1173,,,,,,,,
1,,,6700,,,,,,,
1,,,8040,,,,,,,
1,,,9380,,,,,,,
1,,,10720,,,,,,,
1,,,12060,,,,,,,
1,,,13400,,,,,,,
1,,,14740,,,,,,,
1,0.166596000,1176,,,,,,,,
1,,,13400,,,,,,,
1,,,14740,,,,,,,
1,0.159112000,1184,,,,,,,,
1,,,8040,,,,,,,
1,,,9380,,,,,,,
1,,,10720,,,,,,,
1,,,12060,,,,,,,
1,,,13400,,,,,,,
1,,,14740,,,,,,,
1,0.162087000,1186,,,,,,,,
1,,,13400,,,,,,,
1,,,14740,,,,,,,
1,0.161440000,1189,,,,,,,,
1,,,13400,,,,,,,
1,,,14740,,,,,,,
1,,,16080,,,,,,,
1,,,,,,,1,0.148343000,,
1,,,53,,,,,0.148343000,,
1,0.000014000,1206,,,,,,0.148343000,,
,,,,,,,,,,
,,,,,,,,,,
1,0.000009000,1209,,,,,,0.148343000,,
1,0.208772000,1190,,,,,,,,
1,,,16080,,,,,,,
1,,,,1,1,239,1,1,,
1,,,53,,,,,,,
1,0.000014000,1214,,,,,,,,
,,,,,,,,,,
,,,,,,,,,,
1,0.000011000,1217,,,,,,,,
1,,,,1,1,1209,1,1,0.148343000,
1,0.141707000,1208,,,,,,0.148343000,,
1,0.168333000,1195,,,,,,,,
1,,,12060,,,,,,,
1,,,13400,,,,,,,
1,,,14740,,,,,,,
1,,,16080,,,,,,,
1,0.166366000,1200,,,,,,,,
1,,,12060,,,,,,,
1,,,13400,,,,,,,
1,,,14740,,,,,,,
1,,,16080,,,,,,,
1,,,,1,1,261,1,1,,
1,0.150881000,1216,,,,,,,,
1,0.166201000,1225,,,,,,,,
1,,,6700,,,,,,,
1,,,8040,,,,,,,
1,,,9380,,,,,,,
1,,,10720,,,,,,,
1,,,12060,,,,,,,
1,,,13400,,,,,,,
1,,,14740,,,,,,,
1,,,16080,,,,,,,
1,0.165746000,1228,,,,,,,,
1,,,14740,,,,,,,
1,,,16080,,,,,,,
1,0.163695000,1235,,,,,,,,
1,,,12060,,,,,,,
1,,,13400,,,,,,,
1,,,14740,,,,,,,
1,,,16080,,,,,,,
1,0.178810000,1244,,,,,,,,
1,,,6700,,,,,,,
1,,,8040,,,,,,,
1,,,9380,,,,,,,
1,,,10720,,,,,,,
1,,,12060,,,,,,,
1,,,13400,,,,,,,
1,,,14740,,,,,,,
1,,,16080,,,,,,,
1,0.162463000,1247,,,,,,,,
1,,,14740,,,,,,,
1,,,16080,,,,,,,
1,0.166608000,1252,,,,,,,,
1,,,12060,,,,,,,
1,,,13400,,,,,,,
1,,,14740,,,,,,,
1,,,16080,,,,,,,
1,0.170158000,1254,,,,,,,,
1,,,14740,,,,,,,
1,,,16080,,,,,,,
1,0.170180000,1258,,,,,,,,
1,,,12060,,,,,,,
1,,,13400,,,,,,,
1,,,14740,,,,,,,
1,,,16080,,,,,,,
1,0.160036000,1261,,,,,,,,
1,,,14740,,,,,,,
1,,,16080,,,,,,,
1,0.164824000,1264,,,,,,,,
1,,,14740,,,,,,,
1,,,16080,,,,,,,
1,0.169527000,1266,,,,,,,,
1,,,14740,,,,,,,
1,,,16080,,,,,,,
1,0.170044000,1272,,,,,,,,
1,,,12060,,,,,,,
1,,,13400,,,,,,,
1,,,14740,,,,,,,
1,,,16080,,,,,,,
1,,,,1,1,327,1,1,,
1,,,,1,1,328,1,1,,
1,0.168099000,1277,,,,,,,,
1,,,12060,,,,,,,
1,,,13400,,,,,,,
1,,,14740,,,,,,,
1,,,16080,,,,,,,
1,0.164140000,1280,,,,,,,,
1,,,14740,,,,,,,
1,,,16080,,,,,,,
1,0.160553000,1286,,,,,,,,
1,,,12060,,,,,,,
1,,,13400,,,,,,,
1,,,14740,,,,,,,
1,,,16080,,,,,,,
1,0.165361000,1288,,,,,,,,
1,,,14740,,,,,,,
1,,,16080,,,,,,,
1,,,,1,1,347,1,1,,
1,0.166022000,1293,,,,,,,,
1,,,14740,,,,,,,
1,,,16080,,,,,,,
1,0.168449000,1295,,,,,,,,
1,,,14740,,,,,,,
1,,,16080,,,,,,,
1,0.181256000,1301,,,,,,,,
1,,,12060,,,,,,,
1,,,13400,,,,,,,
1,,,14740,,,,,,,
1,,,16080,,,,,,,
1,0.191518000,1303,,,,,,,,
1,,,14740,,,,,,,
1,,,16080,,,,,,,
1,0.187548000,1306,,,,,,,,
1,,,14740,,,,,,,
1,,,16080,,,,,,,
1,,,,1,1,354,1,1,,
1,0.161760000,1310,,,,,,,,
1,,,14740,,,,,,,
1,,,16080,,,,,,,
,,,,,,,,,,
,,,,,,,,,,
1,0.165601000,1316,,,,,,,,
1,,,12060,,,,,,,
1,,,13400,,,,,,,
1,,,14740,,,,,,,
1,,,16080,,,,,,,
1,0.168955000,1318,,,,,,,,
1,,,14740,,,,,,,
1,,,16080,,,,,,,
1,0.174056000,1321,,,,,,,,
1,,,14740,,,,,,,
1,,,16080,,,,,,,
1,0.203800000,1324,,,,,,,,
1,,,14740,,,,,,,
1,,,16080,,,,,,,
,,,,,,,,,,
,,,,,,,,,,
1,0.164076000,1328,,,,,,,,
1,,,14740,,,,,,,
1,,,16080,,,,,,,
,,,,,,,,,,
,,,,,,,,,,
1,0.180529000,1333,,,,,,,,
1,,,14740,,,,,,,
1,,,16080,,,,,,,
1,0.194123000,1335,,,,,,,,
1,,,14740,,,,,,,
1,,,16080,,,,,,,
1,0.192940000,1338,,,,,,,,
1,,,14740,,,,,,,
1,,,16080,,,,,,,
1,0.180382000,1341,,,,,,,,
1,,,14740,,,,,,,
1,,,16080,,,,,,,
1,0.165260000,1344,,,,,,,,
1,,,14740,,,,,,,
1,,,16080,,,,,,,
1,0.159713000,1360,,,,,,,,
1,,,6700,,,,,,,
1,,,8040,,,,,,,
1,,,9380,,,,,,,
1,,,10720,,,,,,,
1,,,12060,,,,,,,
1,,,13400,,,,,,,
1,,,14740,,,,,,,
1,,,16080,,,,,,,
1,0.161422000,1363,,,,,,,,
1,,,14740,,,,,,,
1,,,16080,,,,,,,
,,,,,,,,,,
,,,,,,,,,,
1,0.164612000,1371,,,,,,,,
1,,,9380,,,,,,,
1,,,10720,,,,,,,
1,,,12060,,,,,,,
1,,,13400,,,,,,,
1,,,14740,,,,,,,
1,,,16080,,,,,,,
1,0.166382000,1373,,,,,,,,
1,,,14740,,,,,,,
1,,,16080,,,,,,,
1,0.166404000,1375,,,,,,,,
1,,,14740,,,,,,,
1,,,16080,,,,,,,
1,0.179769000,1378,,,,,,,,
1,,,14740,,,,,,,
1,,,16080,,,,,,,
1,0.164790000,1383,,,,,,,,
1,,,14740,,,,,,,
1,,,16080,,,,,,,
1,0.167157000,1385,,,,,,,,
1,,,14740,,,,,,,
1,,,16080,,,,,,,
1,0.167591000,1390,,,,,,,,
1,,,12060,,,,,,,
1,,,13400,,,,,,,
1,,,14740,,,,,,,
1,,,16080,,,,,,,
1,0.174187000,1393,,,,,,,,
1,,,14740,,,,,,,
1,,,16080,,,,,,,
1,0.165651000,1396,,,,,,,,
1,,,14740,,,,,,,
1,,,16080,,,,,,,
1,0.168908000,1402,,,,,,,,
1,,,12060,,,,,,,
1,,,13400,,,,,,,
1,,,14740,,,,,,,
1,,,16080,,,,,,,
1,0.173663000,1407,,,,,,,,
1,,,12060,,,,,,,
1,,,13400,,,,,,,
1,,,14740,,,,,,,
1,,,16080,,,,,,,
1,0.172795000,1410,,,,,,,,
1,,,14740,,,,,,,
1,,,16080,,,,,,,
1,0.166735000,1418,,,,,,,,
1,,,9380,,,,,,,
1,,,10720,,,,,,,
1,,,12060,,,,,,,
1,,,13400,,,,,,,
1,,,14740,,,,,,,
1,,,16080,,,,,,,
1,0.170808000,1423,,,,,,,,
1,,,12060,,,,,,,
1,,,13400,,,,,,,
1,,,14740,,,,,,,
1,,,16080,,,,,,,
1,0.160212000,1431,,,,,,,,
1,,,9380,,,,,,,
1,,,10720,,,,,,,
1,,,12060,,,,,,,
1,,,13400,,,,,,,
1,,,14740,,,,,,,
1,,,16080,,,,,,,
1,0.166434000,1436,,,,,,,,
1,,,12060,,,,,,,
1,,,13400,,,,,,,
1,,,14740,,,,,,,
1,,,16080,,,,,,,
1,0.167566000,1448,,,,,,,,
1,,,4020,,,,,,,
1,,,5360,,,,,,,
1,,,6700,,,,,,,
1,,,8040,,,,,,,
1,,,9380,,,,,,,
1,,,10720,,,,,,,
1,,,12060,,,,,,,
1,,,13400,,,,,,,
1,,,14740,,,,,,,
1,,,16080,,,,,,,
1,,,17420,,,,,,,
1,0.178095000,1450,,,,,,,,
1,,,16080,,,,,,,
1,,,17420,,,,,,,
1,0.169020000,1455,,,,,,,,
1,,,13400,,,,,,,
1,,,14740,,,,,,,
1,,,16080,,,,,,,
1,,,17420,,,,,,,
1,0.169270000,1457,,,,,,,,
1,,,16080,,,,,,,
1,,,17420,,,,,,,
1,0.168408000,1464,,,,,,,,
1,,,10720,,,,,,,
1,,,12060,,,,,,,
1,,,13400,,,,,,,
1,,,14740,,,,,,,
1,,,16080,,,,,,,
1,,,17420,,,,,,,
1,0.168911000,1468,,,,,,,,
1,,,14740,,,,,,,
1,,,16080,,,,,,,
1,,,17420,,,,,,,
1,,,18760,,,,,,,
1,0.178403000,1470,,,,,,,,
1,,,17420,,,,,,,
1,,,18760,,,,,,,
1,0.177203000,1475,,,,,,,,
1,,,14740,,,,1,,0.008632000,1488
1,,,16080,,,,,,,
1,,,,1,1,1489,1,1,,
1,,,17420,,,,,,,
1,,,18760,,,,,,,
1,,,,1,1,1489,2,1,,
1,,,20100,,,,,,,
1,,,,1,1,1489,3,1,,
1,,,21440,,,,,,,
1,,,,1,1,1489,4,1,,
1,,,22780,,,,,,,
1,,,,1,1,1489,5,1,,
1,,,24120,,,,,,,
1,,,,1,1,1489,6,1,,
1,,,25460,,,,,,,
1,0.166342000,1488,,,,,,,,
1,,,12060,,,,,,,
1,0.168407000,1498,,,,,,,,
1,,,6700,,,,,,,
1,,,8040,,,,,,,
1,,,9380,,,,,,,
1,,,10720,,,,,,,
1,,,12060,,,,,,,
1,,,13400,,,,,,,
1,0.175258000,1502,,,,,,,,
1,,,12060,,,,,,,
1,,,13400,,,,,,,
1,0.175268000,1506,,,,,,,,
1,,,12060,,,,,,,
1,,,13400,,,,,,,
1,0.162348000,1509,,,,,,,,
1,,,12060,,,,,,,
1,,,13400,,,,,,,
1,,,14740,,,,,,,
1,0.174371000,1511,,,,,,,,
1,,,13400,,,,,,,
1,,,14740,,,,,,,
1,0.191470000,1516,,,,,,,,
1,,,10720,,,,,,,
1,,,12060,,,,,,,
1,,,13400,,,,,,,
1,,,14740,,,,,,,
1,0.198835000,1519,,,,,,,,
1,,,13400,,,,,,,
1,,,14740,,,,,,,
1,,,16080,,,,,,,
1,0.161362000,1522,,,,,,,,
1,,,14740,,,,,,,
1,,,16080,,,,,,,
1,0.155414000,1525,,,,,,,,
1,,,14740,,,,,,,
1,,,16080,,,,,,,
1,0.167600000,1530,,,,,,,,
1,,,12060,,,,,,,
1,,,13400,,,,,,,
1,,,14740,,,,,,,
1,,,16080,,,,,,,
1,0.166602000,1533,,,,,,,,
1,,,14740,,,,,,,
1,,,16080,,,,,,,
1,,,17420,,,,,,,
1,0.172452000,1535,,,,,,,,
1,,,16080,,,,,,,
1,,,17420,,,,,,,
1,0.161613000,1538,,,,,,,,
1,,,16080,,,,,,,
1,,,17420,,,,,,,
1,0.192993000,1540,,,,,,,,
1,,,17420,,,,,,,
1,,,18760,,,,,,,
1,,,,1,1,1557,1,1,,
1,,,18760,,,,1,,0.008702000,1559
1,,,20100,,,,,,,
1,,,,1,1,1557,2,1,,
1,,,,1,1,1557,3,1,,
1,,,21440,,,,,,,
1,,,,1,1,1557,4,1,,
1,,,22780,,,,,,,
1,,,24120,,,,,,,
1,,,25460,,,,,,,
1,,,,1,1,1557,5,1,,
1,,,26800,,,,,,,
1,,,,1,1,1557,6,1,,
1,,,28140,,,,,,,
1,,,29480,,,,,,,
1,0.171752000,1559,,,,,,,,
1,,,12060,,,,,,,
1,0.158403000,1565,,,,,,,,
1,,,10720,,,,,,,
1,,,12060,,,,,,,
1,,,13400,,,,,,,
1,0.160639000,1568,,,,,,,,
1,,,12060,,,,,,,
1,,,13400,,,,,,,
1,0.163998000,1571,,,,,,,,
1,,,12060,,,,,,,
1,,,13400,,,,,,,
1,0.160691000,1574,,,,,,,,
1,,,12060,,,,,,,
1,,,13400,,,,,,,
1,0.160552000,1580,,,,,,,,
1,,,9380,,,,,,,
1,,,10720,,,,,,,
1,,,12060,,,,,,,
1,,,13400,,,,,,,
1,,,14740,,,,,,,
1,0.163862000,1583,,,,,,,,
1,,,13400,,,,,,,
1,,,14740,,,,,,,
1,0.158107000,1586,,,,,,,,
1,,,13400,,,,,,,
1,,,14740,,,,,,,
1,0.164314000,1589,,,,,,,,
1,,,13400,,,,,,,
1,,,14740,,,,,,,
1,0.163256000,1592,,,,,,,,
1,,,13400,,,,,,,
1,,,14740,,,,,,,
1,0.217417000,1593,,,,,,,,
1,,,14740,,,,,,,
1,,,,1,1,1608,1,1,,
1,,,16080,,,,,,,
1,,,,1,1,1608,2,1,,
1,,,16080,,,,1,,,
1,,,,1,1,1608,3,1,,
1,,,16080,,,,1,,0.046327000,1611
1,,,17420,,,,,,,
1,,,,1,1,1608,4,1,,
1,,,18760,,,,,,,
1,,,20100,,,,,,,
1,,,,1,1,1608,5,1,,
1,,,21440,,,,,,,
1,,,22780,,,,,,,
1,0.450588000,1594,,,,,,,,
1,,,22780,,,,,,,
1,0.200513000,1611,,,,,,,,
1,,,9380,,,,,,,
,,,,,,,,,,
,,,,,,,,,,
1,0.216095000,1619,,,,,,,,
1,,,6700,,,,,,,
1,,,8040,,,,,,,
1,,,9380,,,,,,,
1,,,10720,,,,,,,
1,0.186436000,1626,,,,,,,,
1,,,6700,,,,,,,
1,,,8040,,,,,,,
1,,,9380,,,,,,,
1,,,10720,,,,,,,
1,0.165443000,1631,,,,,,,,
1,,,9380,,,,,,,
1,,,10720,,,,,,,
1,0.161525000,1636,,,,,,,,
1,,,6700,,,,,,,
1,,,8040,,,,,,,
1,,,9380,,,,,,,
1,,,10720,,,,,,,
1,,,12060,,,,,,,
1,0.168707000,1638,,,,,,,,
1,,,10720,,,,,,,
1,,,12060,,,,,,,
1,0.165686000,1641,,,,,,,,
1,,,10720,,,,,,,
1,,,12060,,,,,,,
1,0.160784000,1644,,,,,,,,
1,,,10720,,,,,,,
1,,,12060,,,,,,,
1,0.163829000,1646,,,,,,,,
1,,,10720,,,,,,,
1,,,12060,,,,,,,
1,,,13400,,,,,,,
1,0.159904000,1649,,,,,,,,
1,,,12060,,,,,,,
1,,,13400,,,,,,,
1,0.155982000,1652,,,,,,,,
1,,,12060,,,,,,,
1,,,13400,,,,,,,
1,0.166698000,1656,,,,,,,,
1,,,10720,,,,,,,
1,,,12060,,,,,,,
1,,,13400,,,,,,,
1,0.165182000,1659,,,,,,,,
1,,,12060,,,,,,,
1,,,13400,,,,,,,
1,,,14740,,,,,,,
1,0.165393000,1672,,,,,1,,,
1,,,4020,,,,,,,
1,,,5360,,,,,,,
1,,,6700,,,,,,,
1,,,8040,,,,,,,
1,,,9380,,,,,,,
1,,,10720,,,,,,,
1,,,12060,,,,,,,
1,,,13400,,,,,,,
1,,,14740,,,,,,,
1,0.166356000,1674,,,,,,,,
1,,,13400,,,,,,,
1,,,14740,,,,,,,
1,0.160472000,1679,,,,,,,,
1,,,10720,,,,,,,
1,,,12060,,,,,,,
1,,,13400,,,,,,,
1,,,14740,,,,,,,
1,0.172599000,1683,,,,,,,,
1,,,10720,,,,,,,
1,,,12060,,,,,,,
1,,,13400,,,,,,,
1,,,14740,,,,,,,
1,0.176051000,1686,,,,,,,,
1,,,13400,,,,,,,
1,,,14740,,,,,,,
1,0.224173000,1687,,,,,,,,
1,,,14740,,,,,,,
1,0.155953000,1690,,,,,,,,
1,,,13400,,,,,,,
1,,,14740,,,,,,,
1,0.163571000,1692,,,,,,,,
1,,,13400,,,,,,,
1,,,14740,,,,,,,
1,0.162496000,1695,,,,,,,,
1,,,13400,,,,,,,
1,,,14740,,,,,,,
1,0.206208000,1702,,,,,,,,
1,,,9380,,,,,,,
1,,,10720,,,,,,,
1,,,12060,,,,,,,
1,,,13400,,,,,,,
1,,,14740,,,,,,,
1,0.161952000,1705,,,,,,,,
1,,,13400,,,,,,,
1,,,14740,,,,,,,
1,0.158725000,1708,,,,,,,,
1,,,13400,,,,,,,
1,,,14740,,,,,,,
1,0.158958000,1711,,,,,,,,
1,,,13400,,,,,,,
1,,,14740,,,,,,,
1,0.158878000,1714,,,,,,,,
1,,,13400,,,,,,,
1,,,14740,,,,,,,
1,0.161751000,1716,,,,,,,,
1,,,13400,,,,,,,
1,,,14740,,,,,,,
1,0.158133000,1719,,,,,,,,
1,,,13400,,,,,,,
1,,,14740,,,,,,,
1,0.164466000,1722,,,,,,,,
1,,,13400,,,,,,,
1,,,14740,,,,,,,
1,0.219813000,1726,,,,,,,,
1,,,12060,,,,,,,
1,,,13400,,,,,,,
1,,,14740,,,,,,,
1,0.158311000,1732,,,,,,,,
1,,,10720,,,,,,,
1,,,12060,,,,,,,
1,,,13400,,,,,,,
1,,,14740,,,,,,,
1,,,536,,,,1,,0.765584000,1675
1,0.156937000,1735,,,,,,,,
1,0.028047000,1748,13400,,,,,,,
1,,,14740,,,,,,,
1,0.158458000,1738,,,,,,,,
1,,,13400,,,,,,,
1,,,14740,,,,,,,
1,0.187019000,1741,,,,,,,,
1,,,13400,,,,,,,
1,,,14740,,,,,,,
1,0.162273000,1744,,,,,,,,
1,,,13400,,,,,,,
1,,,14740,,,,,,,
1,0.169565000,1746,,,,,,,,
1,,,13400,,,,,,,
1,,,14740,,,,,,,
1,0.155154000,1750,110,,,,1,,0.948785000,1675
1,0.000014000,1764,13400,,,,,,,
1,,,14740,,,,,,,
1,0.157788000,1753,,,,,,,,
1,,,13400,,,,,,,
1,,,14740,,,,,,,
1,0.212063000,1754,,,,,,,,
1,,,14740,,,,,,,
1,0.163946000,1757,,,,,,,,
1,,,13400,,,,,,,
1,,,14740,,,,,,,
1,0.163461000,1760,,,,,,,,
1,,,13400,,,,,,,
1,,,14740,,,,,,,
1,0.161906000,1763,,,,,,,,
1,,,13400,,,,,,,
1,,,14740,,,,,,,
1,0.163721000,1776,,,,,,,,
1,,,5360,,,,,,,
1,,,6700,,,,,,,
1,,,8040,,,,,,,
1,,,9380,,,,,,,
1,,,10720,,,,,,,
1,,,12060,,,,,,,
1,,,13400,,,,,,,
1,,,14740,,,,,,,
1,0.164769000,1779,,,,,,,,
1,,,13400,,,,,,,
1,,,14740,,,,,,,
1,0.209277000,1780,,,,,,,,
1,,,14740,,,,,,,
1,0.164082000,1783,,,,,,,,
1,,,13400,,,,,,,
1,,,14740,,,,,,,
1,0.169827000,1787,,,,,,,,
1,,,10720,,,,,,,
1,,,12060,,,,,,,
1,,,13400,,,,,,,
1,,,14740,,,,,,,
1,0.169870000,1789,,,,,,,,
1,,,13400,,,,,,,
1,,,14740,,,,,,,
1,0.163100000,1792,,,,,,,,
1,,,13400,,,,,,,
1,,,14740,,,,,,,
1,0.208051000,1794,,,,,,,,
1,,,14740,,,,,,,
1,0.164944000,1797,,,,,,,,
1,,,13400,,,,,,,
1,,,14740,,,,,,,
1,0.164413000,1800,,,,,,,,
1,,,13400,,,,,,,
1,,,14740,,,,,,,
1,0.164446000,1802,,,,,,,,
1,,,13400,,,,,,,
1,,,14740,,,,,,,
1,0.215043000,1810,,,,,,,,
1,,,9380,,,,,,,
1,,,10720,,,,,,,
1,,,12060,,,,,,,
1,,,13400,,,,,,,
1,,,14740,,,,,,,
1,0.158782000,1813,,,,,,,,
1,,,13400,,,,,,,
1,,,14740,,,,,,,
1,0.204536000,1816,,,,,,,,
1,,,13400,,,,,,,
1,,,14740,,,,,,,
1,0.221711000,1819,,,,,,,,
1,,,13400,,,,,,,
1,,,14740,,,,,,,
1,0.156641000,1830,,,,,,,,
1,,,5360,,,,,,,
1,,,6700,,,,,,,
1,,,8040,,,,,,,
1,,,9380,,,,,,,
1,,,10720,,,,,,,
1,,,12060,,,,,,,
1,,,13400,,,,,,,
1,,,14740,,,,,,,
1,0.166719000,1833,,,,,,,,
1,,,13400,,,,,,,
1,,,14740,,,,,,,
1,0.224182000,1834,,,,,,,,
1,,,14740,,,,,,,
1,0.158908000,1837,,,,,,,,
1,,,13400,,,,,,,
1,,,14740,,,,,,,
1,0.163938000,1839,,,,,,,,
1,,,13400,,,,,,,
1,,,14740,,,,,,,
1,0.162902000,1846,,,,,,,,
1,,,8040,,,,,,,
1,,,9380,,,,,,,
1,,,10720,,,,,,,
1,,,12060,,,,,,,
1,,,13400,,,,,,,
1,,,14740,,,,,,,
,,,,,,,,,,
,,,,,,,,,,
,,,,,,,,,,
1,0.210776000,1848,,,,,,,,
1,,,14740,,,,,,,
1,0.204838000,1851,,,,,,,,
1,,,13400,,,,,,,
1,,,14740,,,,,,,
,,,,,,,,,,
,,,,,,,,,,
,,,,,,,,,,
1,0.175554000,1857,,,,,,,,
1,,,10720,,,,,,,
1,,,12060,,,,,,,
1,,,13400,,,,,,,
1,,,14740,,,,,,,
,,,,,,,,,,
1,0.175579000,1859,,,,,,,,
1,0.175577000,1861,,,,,,,,
1,,,10720,,,,,,,
1,,,12060,,,,,,,
1,,,13400,,,,,,,
1,,,14740,,,,,,,
,,,,,,,,,,
,,,,,,,,,,
,,,,,,,,,,
,,,,,,,,,,
,,,,,,,,,,
,,,,,,,,,,
,,,,,,,,,,
,,,,,,,,,,
,,,,,,,,,,
,,,,,,,,,,
,,,,,,,,,,
,,,,,,,,,,
,,,,,,,,,,
,,,,,,,,,,
,,,,,,,,,,
,,,,,,,,,,
1,0.206837000,1866,,,,,,,,
1,,,14740,,,,,,,
,,,,,,,,,,
,,,,,,,,,,
,,,,,,,,,,
1,,,,1,1,1901,1,1,,
1,,,14740,,,,1,,0.049884000,1902
1,,,14740,,,,1,,0.049900000,1902
1,,,,1,1,1901,2,1,,
1,,,16080,,,,,,,
1,,,,1,1,1901,3,1,,
1,,,17420,,,,,,,
1,,,,1,1,1901,4,1,,
1,,,18760,,,,,,,
1,,,,1,1,1901,5,1,,
1,,,20100,,,,,,,
,,,,,,,,,,
,,,,,,,,,,
,,,,,,,,,,
1,,,,1,1,1901,6,1,,
1,,,21440,,,,,,,
1,0.340469000,1868,,,,,,,,
1,,,21440,,,,,,,
1,0.208987000,1902,,,,,,,,
1,,,9380,,,,,,,
,,,,,,,,,,
,,,,,,,,,,
,,,,,,,,,,
,,,,,,,,,,
,,,,,,,,,,
,,,,,,,,,,
,,,,,,,,,,
,,,,,,,,,,
,,,,,,,,,,
,,,,,,,,,,
,,,,,,,,,,
,,,,,,,,,,
1,0.215832000,1925,,,,,,,,
1,,,1340,,,,,,,
1,,,2680,,,,,,,
1,,,4020,,,,,,,
1,,,5360,,,,,,,
1,,,6700,,,,,,,
1,,,8040,,,,,,,
1,,,9380,,,,,,,
1,,,10720,,,,,,,
,,,,,,,,,,
,,,,,,,,,,
,,,,,,,,,,
,,,,,,,,,,
,,,,,,,,,,
,,,,,,,,,,
,,,,,,,,,,
1,0.172318000,1946,,,,,,,,
1,,,1340,,,,,,,
1,,,2680,,,,,,,
1,,,4020,,,,,,,
1,,,5360,,,,,,,
1,,,6700,,,,,,,
1,,,8040,,,,,,,
1,,,9380,,,,,,,
1,,,10720,,,,,,,
1,0.160117000,1956,,,,,,,,
1,,,9380,,,,,,,
1,,,10720,,,,,,,
1,,,12060,,,,,,,
1,0.160384000,1958,,,,,,,,
1,,,10720,,,,,,,
1,,,12060,,,,,,,
1,0.165755000,1960,,,,,,,,
1,,,10720,,,,,,,
1,,,12060,,,,,,,
1,0.165787000,1962,,,,,,,,
1,,,10720,,,,,,,
1,,,12060,,,,,,,
1,,,13400,,,,,,,
1,0.164509000,1971,,,,,,,,
1,,,6700,,,,,,,
1,,,8040,,,,,,,
1,,,9380,,,,,,,
1,,,10720,,,,,,,
1,,,12060,,,,,,,
1,,,13400,,,,,,,
1,0.174078000,1974,,,,,,,,
1,,,12060,,,,,,,
1,,,13400,,,,,,,
1,0.174102000,1976,,,,,,,,
1,,,12060,,,,,,,
1,,,13400,,,,,,,
,,,,,,,,,,
,,,,,,,,,,
,,,,,,,,,,
1,0.159090000,1979,,,,,,,,
1,,,12060,,,,,,,
1,,,13400,,,,,,,
1,,,14740,,,,,,,
1,0.166596000,1981,,,,,,,,
1,,,13400,,,,,,,
1,,,14740,,,,,,,
1,0.164491000,1986,,,,,,,,
1,,,10720,,,,,,,
1,,,12060,,,,,,,
1,,,13400,,,,,,,
1,,,14740,,,,,,,
1,0.170041000,1989,,,,,,,,
1,,,13400,,,,,,,
1,,,14740,,,,,,,
,,,,,,,,,,
,,,,,,,,,,
,,,,,,,,,,
,,,,,,,,,,
1,0.178297000,1998,,,,,,,,
1,,,10720,,,,,,,
1,,,12060,,,,,,,
1,,,13400,,,,,,,
1,,,14740,,,,,,,
1,,,16080,,,,,,,
1,,,,1,1,2012,1,1,,
1,,,16080,,,,1,,0.003279000,2017
1,,,,1,1,2012,2,1,,
,,,,,,,,,,
